99
0
69
66
62
74
69
66
69
66
67
79
76
79
78
81
74
78
76
79
73
76
74
74
74
74
69
66
62
74
69
66
69
66
67
79
76
79
78
81
74
78
76
79
73
76
74
74
74
74
69
73
76
73
76
79
76
79
78
81
74
78
76
69
73
76
73
76
79
76
79
78
81
74
78
76
69
66
62
74
69
66
69
66
67
79
76
79
78
81
74
78
76
79
73
76
74
74
74
74
0
0
0
48
0
0
48
0
0
48
96
0
0
0
0
0
0
0
0
0
0
48
0
0
48
0
0
48
0
0
48
0
0
48
96
0
0
0
0
0
0
0
0
0
0
48
0
0
48
0
0
48
0
0
48
0
0
0
0
0
0
48
0
0
48
0
0
48
0
0
0
0
0
0
48
0
0
48
0
0
48
0
0
48
96
0
0
0
0
0
0
0
0
0
0
48
0
0
48
0
1
1
1
1
1
1
1
1
1
1
1
1
1
1
1
1
1
1
1
1
1
1
1
1
1
1
1
1
1
1
1
1
1
1
1
1
1
1
1
1
1
1
1
1
1
1
1
1
1
1
1
1
1
1
1
1
1
1
1
1
1
1
1
1
1
1
1
1
1
1
1
1
1
1
1
1
1
1
1
1
1
1
1
1
1
1
1
1
1
1
1
1
1
1
1
1
1
1
