109
0
74
71
72
74
67
69
71
72
74
72
71
69
71
72
74
76
74
74
79
74
72
71
69
69
67
65
74
71
72
74
67
69
71
72
74
72
71
69
71
72
74
76
74
74
79
74
72
71
69
69
67
67
71
69
71
72
71
71
69
71
69
67
67
72
71
69
67
66
76
75
76
78
76
77
79
76
78
76
74
73
74
74
74
71
72
74
67
69
71
72
74
72
71
69
71
72
74
76
74
74
79
74
72
71
69
69
67
67
0
96
72
24
96
96
24
24
24
24
48
48
192
24
24
24
24
48
48
96
96
48
24
24
72
24
192
96
72
24
96
96
24
24
24
24
48
48
192
24
24
24
24
48
48
96
96
48
24
24
72
24
192
24
24
24
24
48
48
48
24
24
48
48
48
48
48
48
192
24
24
24
24
48
48
96
96
48
24
24
72
24
192
96
72
24
96
96
24
24
24
24
48
48
96
24
24
24
24
48
48
96
96
48
24
24
72
24
192
0
1
1
1
1
1
1
1
1
1
1
1
1
1
1
1
1
1
1
1
1
1
1
1
1
1
1
1
1
1
1
1
1
1
1
1
1
1
1
1
1
1
1
1
1
1
1
1
1
1
1
1
1
1
1
1
1
1
1
1
1
1
1
1
1
1
1
1
1
1
1
1
1
1
1
1
1
1
1
1
1
1
1
1
1
1
1
1
1
1
1
1
1
1
1
1
1
1
1
1
1
1
1
1
1
1
1
1
1
