150
0
67
66
64
69
67
64
76
71
74
71
69
67
66
74
71
69
67
66
67
66
64
66
67
69
71
76
79
76
79
78
76
74
71
76
76
71
78
67
66
64
69
67
64
76
71
74
71
69
67
66
74
71
69
67
66
67
66
64
66
67
69
71
76
79
76
79
78
76
74
71
76
76
71
78
79
78
76
78
79
83
76
79
78
76
74
79
78
79
81
78
74
78
79
78
76
78
79
83
76
79
78
76
75
78
79
76
76
78
79
78
76
78
79
81
83
76
78
79
78
76
74
79
78
79
81
78
74
78
79
83
79
78
81
78
76
79
76
74
72
71
74
72
71
69
67
66
64
76
76
0
36
12
36
12
12
36
48
48
36
12
36
12
12
36
12
12
12
12
36
12
36
12
36
12
36
12
36
12
12
12
12
12
12
36
24
36
12
36
12
36
12
12
36
48
48
36
12
36
12
12
36
12
12
12
12
36
12
36
12
36
12
36
12
36
12
12
12
12
12
12
36
24
24
24
36
12
36
12
36
12
36
12
36
12
36
12
12
12
12
12
12
36
36
12
36
12
36
12
36
12
36
12
36
12
12
36
12
36
36
12
36
12
16
16
16
16
16
16
36
12
36
12
12
12
12
12
12
36
16
16
16
16
16
16
16
16
16
16
16
16
16
16
16
16
16
16
12
36
48
0
1
1
1
1
1
1
1
1
1
1
1
1
1
1
1
1
1
1
1
1
1
1
1
1
1
1
1
1
1
1
1
1
1
1
1
1
1
1
1
1
1
1
1
1
1
1
1
1
1
1
1
1
1
1
1
1
1
1
1
1
1
1
1
1
1
1
1
1
1
1
1
1
1
1
1
1
1
1
1
1
1
1
1
1
1
1
1
1
1
1
1
1
1
1
1
1
1
1
1
1
1
1
1
1
1
1
1
1
1
1
1
1
1
1
1
1
1
1
1
1
1
1
1
1
1
1
1
1
1
1
1
1
1
1
1
1
1
1
1
1
1
1
1
1
1
1
1
1
1
