64
0
76
76
77
79
79
77
76
74
72
72
74
76
76
74
74
76
76
77
79
79
77
76
74
72
72
74
76
74
72
72
74
74
76
72
74
76
77
76
72
74
76
77
76
74
72
74
67
76
76
76
77
79
79
77
76
74
72
72
74
76
74
72
72
0
192
192
192
192
192
192
192
192
192
192
192
192
288
96
384
192
192
192
192
192
192
192
192
192
192
192
192
288
96
384
192
192
192
192
192
96
96
192
192
192
96
96
192
192
192
192
192
192
192
192
192
192
192
192
192
192
192
192
192
192
288
96
384
0
1
1
1
1
1
1
1
1
1
1
1
1
1
1
1
1
1
1
1
1
1
1
1
1
1
1
1
1
1
1
1
1
1
1
1
1
1
1
1
1
1
1
1
1
1
1
1
1
1
1
1
1
1
1
1
1
1
1
1
1
1
1
1
